0 0.5701897905759162 0.5517015706806282 0.12761780104712045 0.25523560209424084
0 0.5701897905759162 0.5517015706806282 0.12761780104712045 0.25523560209424084
0 0.5701897905759162 0.5517015706806282 0.12761780104712045 0.25523560209424084
0 0.5701897905759162 0.5517015706806282 0.12761780104712045 0.25523560209424084
0 0.5701897905759162 0.5517015706806282 0.12761780104712045 0.25523560209424084
0 0.5701897905759162 0.5517015706806282 0.12761780104712045 0.25523560209424084
0 0.5701897905759162 0.5517015706806282 0.12761780104712045 0.25523560209424084
0 0.5701897905759162 0.5517015706806282 0.12761780104712045 0.25523560209424084
0 0.5701897905759162 0.5517015706806282 0.12761780104712045 0.25523560209424084
0 0.5914594240837696 0.507198952879581 0.12761780104712045 0.25523560209424084
0 0.6037303664921466 0.5229057591623036 0.12761780104712045 0.25523560209424084
0 0.581642670157068 0.5229057591623036 0.12761780104712045 0.25523560209424084
0 0.6102748691099477 0.5346858638743456 0.12761780104712045 0.25523560209424084
0 0.587369109947644 0.5268324607329843 0.12761780104712045 0.25523560209424084
0 0.6462696335078534 0.543848167539267 0.12761780104712045 0.25523560209424084
0 0.6160013089005235 0.518979057591623 0.12761780104712045 0.25523560209424084
0 0.6160013089005235 0.518979057591623 0.12761780104712045 0.25523560209424084
