0 0.4038999309771651 0.39966312639005563 0.10000000000000002 0.1
0 0.4038999309771651 0.39966312639005563 0.10000000000000002 0.1
0 0.40226380532271483 0.4048987284842965 0.10000000000000002 0.1
0 0.40226380532271483 0.4048987284842965 0.10000000000000002 0.1
0 0.39899155401381436 0.4009720269136159 0.10000000000000002 0.1
0 0.39899155401381436 0.4009720269136159 0.10000000000000002 0.1
0 0.4063541194588405 0.39835422586649544 0.10000000000000002 0.1
0 0.4063541194588405 0.39835422586649544 0.10000000000000002 0.1
0 0.39653736553213886 0.4022809274371761 0.10000000000000002 0.1
0 0.39653736553213886 0.4022809274371761 0.10000000000000002 0.1
0 0.4088083079405158 0.4009720269136159 0.10000000000000002 0.1
0 0.4088083079405158 0.4009720269136159 0.10000000000000002 0.1
0 0.4112624964221912 0.4048987284842965 0.10000000000000002 0.1
0 0.4112624964221912 0.4048987284842965 0.10000000000000002 0.1
0 0.5331538576787359 0.5541133881701604 0.10000000000000002 0.1
0 0.41208055924941644 0.4062076290078567 0.10000000000000002 0.1
0 0.41208055924941644 0.4062076290078567 0.10000000000000002 0.1
0 0.40880830794051587 0.39704532534293524 0.10000000000000002 0.1
0 0.40880830794051587 0.39704532534293524 0.10000000000000002 0.1
0 0.40880830794051587 0.39704532534293524 0.10000000000000002 0.1
0 0.40880830794051587 0.39704532534293524 0.10000000000000002 0.1
0 0.40880830794051587 0.39704532534293524 0.10000000000000002 0.1
0 0.40880830794051587 0.39704532534293524 0.10000000000000002 0.1
0 0.40880830794051587 0.39704532534293524 0.10000000000000002 0.1
0 0.40880830794051587 0.39704532534293524 0.10000000000000002 0.1
0 0.40880830794051587 0.39704532534293524 0.10000000000000002 0.1
0 0.40880830794051587 0.39704532534293524 0.10000000000000002 0.1
0 0.40880830794051587 0.39704532534293524 0.10000000000000002 0.1
0 0.40880830794051587 0.39704532534293524 0.10000000000000002 0.1
0 0.40880830794051587 0.39704532534293524 0.10000000000000002 0.1
0 0.40880830794051587 0.39704532534293524 0.10000000000000002 0.1
0 0.40880830794051587 0.39704532534293524 0.10000000000000002 0.1
0 0.40880830794051587 0.39704532534293524 0.10000000000000002 0.1
0 0.40880830794051587 0.39704532534293524 0.10000000000000002 0.1
0 0.40880830794051587 0.39704532534293524 0.10000000000000002 0.1
0 0.40880830794051587 0.39704532534293524 0.10000000000000002 0.1
0 0.40880830794051587 0.39704532534293524 0.10000000000000002 0.1
0 0.40880830794051587 0.39704532534293524 0.10000000000000002 0.1
0 0.40880830794051587 0.39704532534293524 0.10000000000000002 0.1
