0 0.5399214659685864 0.4725130890052356 0.1537958115183247 0.32460732984293195
0 0.5808246073298429 0.49999999999999994 0.1537958115183247 0.32460732984293195
0 0.56282722513089 0.5052356020942408 0.1537958115183247 0.32460732984293195
0 0.5775523560209423 0.537958115183246 0.1537958115183247 0.32460732984293195
0 0.56282722513089 0.5261780104712042 0.1537958115183247 0.32460732984293195
0 0.5832787958115182 0.5301047120418847 0.1537958115183247 0.32460732984293195
0 0.5701897905759161 0.5261780104712042 0.1537958115183247 0.32460732984293195
0 0.5611910994764397 0.4764397905759162 0.1537958115183247 0.32460732984293195
0 0.5611910994764397 0.4764397905759162 0.1537958115183247 0.32460732984293195
0 0.5611910994764397 0.4764397905759162 0.1537958115183247 0.32460732984293195
0 0.5611910994764397 0.4764397905759162 0.1537958115183247 0.32460732984293195
0 0.5611910994764397 0.4764397905759162 0.1537958115183247 0.32460732984293195
0 0.5579188481675393 0.5183246073298429 0.1537958115183247 0.32460732984293195
0 0.5579188481675393 0.5183246073298429 0.1537958115183247 0.32460732984293195
0 0.5579188481675393 0.5183246073298429 0.1537958115183247 0.32460732984293195
