0 0.6612994350282487 0.5016007532956686 0.1 0.1
0 0.4152542372881356 0.255367231638418 0.12617702448210924 0.311864406779661
0 0.6612994350282487 0.5016007532956686 0.1 0.1
0 0.4152542372881356 0.255367231638418 0.12617702448210924 0.311864406779661
0 0.6612994350282487 0.5016007532956686 0.1 0.1
0 0.4152542372881356 0.255367231638418 0.12617702448210924 0.311864406779661
0 0.6612994350282487 0.5016007532956686 0.1 0.1
0 0.4152542372881356 0.255367231638418 0.12617702448210924 0.311864406779661
0 0.6612994350282487 0.5016007532956686 0.1 0.1
0 0.4152542372881356 0.255367231638418 0.12617702448210924 0.311864406779661
0 0.6612994350282487 0.5016007532956686 0.1 0.1
0 0.4152542372881356 0.255367231638418 0.12617702448210924 0.311864406779661
0 0.6612994350282487 0.5016007532956686 0.1 0.1
0 0.4152542372881356 0.255367231638418 0.12617702448210924 0.311864406779661
0 0.6612994350282487 0.5016007532956686 0.1 0.1
0 0.4152542372881356 0.255367231638418 0.12617702448210924 0.311864406779661
0 0.6612994350282487 0.5016007532956686 0.1 0.1
0 0.4152542372881356 0.255367231638418 0.12617702448210924 0.311864406779661
0 0.6612994350282487 0.5016007532956686 0.1 0.1
0 0.4152542372881356 0.255367231638418 0.12617702448210924 0.311864406779661
0 0.6612994350282487 0.5016007532956686 0.1 0.1
0 0.4152542372881356 0.255367231638418 0.12617702448210924 0.311864406779661
0 0.6612994350282487 0.5016007532956686 0.1 0.1
0 0.4152542372881356 0.255367231638418 0.12617702448210924 0.311864406779661
0 0.6612994350282487 0.5016007532956686 0.1 0.1
0 0.4152542372881356 0.255367231638418 0.12617702448210924 0.311864406779661
0 0.6612994350282487 0.5016007532956686 0.1 0.1
0 0.4152542372881356 0.255367231638418 0.12617702448210924 0.311864406779661
0 0.6612994350282487 0.5016007532956686 0.1 0.1
0 0.4152542372881356 0.255367231638418 0.12617702448210924 0.311864406779661
0 0.6612994350282487 0.5016007532956686 0.1 0.1
0 0.4152542372881356 0.255367231638418 0.12617702448210924 0.311864406779661
0 0.6612994350282487 0.5016007532956686 0.1 0.1
0 0.4152542372881356 0.255367231638418 0.12617702448210924 0.311864406779661
0 0.6612994350282487 0.5016007532956686 0.1 0.1
0 0.4152542372881356 0.255367231638418 0.12617702448210924 0.311864406779661
0 0.6612994350282487 0.5016007532956686 0.1 0.1
0 0.4152542372881356 0.255367231638418 0.12617702448210924 0.311864406779661
0 0.5500428905256309 0.5683546799972392 0.1 0.1
0 0.4152542372881356 0.255367231638418 0.12617702448210924 0.311864406779661
0 0.5500428905256309 0.5683546799972392 0.1 0.1
0 0.4152542372881356 0.255367231638418 0.12617702448210924 0.311864406779661
0 0.5639499585884582 0.5578834758087575 0.1 0.1
0 0.2876364362410152 0.38102168190019814 0.12617702448210924 0.311864406779661
0 0.5639499585884582 0.5578834758087575 0.1 0.1
0 0.2876364362410152 0.38102168190019814 0.12617702448210924 0.311864406779661
0 0.5336816339811283 0.5709724810443596 0.1 0.1
0 0.2712751796965126 0.37055047771171645 0.12617702448210924 0.311864406779661
0 0.5336816339811283 0.5709724810443596 0.1 0.1
0 0.2712751796965126 0.37055047771171645 0.12617702448210924 0.311864406779661
0 0.5451345135622802 0.5631190779029983 0.1 0.1
0 0.1927411482829 0.38102168190019814 0.12617702448210924 0.311864406779661
0 0.5451345135622802 0.5631190779029983 0.1 0.1
0 0.1927411482829 0.38102168190019814 0.12617702448210924 0.311864406779661
0 0.5394080737717042 0.5513389731909565 0.1 0.1
0 0.22219141006300475 0.38102168190019814 0.12617702448210924 0.311864406779661
0 0.5394080737717042 0.5513389731909565 0.1 0.1
0 0.22219141006300475 0.38102168190019814 0.12617702448210924 0.311864406779661
0 0.5385900109444791 0.08144368523284123 0.1 0.1
0 0.26064036294258586 0.3862572839944389 0.12617702448210924 0.311864406779661
0 0.5385900109444791 0.08144368523284123 0.1 0.1
0 0.26064036294258586 0.3862572839944389 0.12617702448210924 0.311864406779661
0 0.5304093826722278 0.07228138156791977 0.1 0.1
0 0.261458425769811 0.42290649865412483 0.12617702448210924 0.311864406779661
0 0.5304093826722278 0.07228138156791977 0.1 0.1
0 0.261458425769811 0.42290649865412483 0.12617702448210924 0.311864406779661
0 0.5426803250806047 0.08013478470928102 0.1 0.1
0 0.24755135770698378 0.42028869760700444 0.12617702448210924 0.311864406779661
0 0.5426803250806047 0.08013478470928102 0.1 0.1
0 0.24755135770698378 0.42028869760700444 0.12617702448210924 0.311864406779661
0 0.5320455083266781 0.06442797842655851 0.1 0.1
0 0.21319271896352832 0.4229064986541249 0.12617702448210924 0.311864406779661
0 0.5320455083266781 0.06442797842655851 0.1 0.1
0 0.21319271896352832 0.4229064986541249 0.12617702448210924 0.311864406779661
0 0.5320455083266781 0.06442797842655851 0.1 0.1
0 0.23773460378028222 0.40589079184784216 0.12617702448210924 0.311864406779661
0 0.5320455083266781 0.06442797842655851 0.1 0.1
0 0.23773460378028222 0.40589079184784216 0.12617702448210924 0.311864406779661
