0 0.49533704188481675 0.5157068062827226 0.19224476439790578 0.4424083769633508
0 0.49533704188481675 0.5157068062827226 0.19224476439790578 0.4424083769633508
0 0.49533704188481675 0.5157068062827226 0.19224476439790578 0.4424083769633508
0 0.49533704188481675 0.5157068062827226 0.19224476439790578 0.4424083769633508
0 0.49533704188481675 0.5157068062827226 0.19224476439790578 0.4424083769633508
0 0.49533704188481675 0.5157068062827226 0.19224476439790578 0.4424083769633508
0 0.49533704188481675 0.5157068062827226 0.19224476439790578 0.4424083769633508
0 0.49533704188481675 0.5157068062827226 0.19224476439790578 0.4424083769633508
0 0.49533704188481675 0.5157068062827226 0.19224476439790578 0.4424083769633508
0 0.49533704188481675 0.5157068062827226 0.19224476439790578 0.4424083769633508
0 0.49533704188481675 0.5157068062827226 0.19224476439790578 0.4424083769633508
0 0.49533704188481675 0.5157068062827226 0.19224476439790578 0.4424083769633508
0 0.49533704188481675 0.5157068062827226 0.19224476439790578 0.4424083769633508
0 0.5501472513089005 0.4947643979057592 0.19224476439790578 0.4424083769633508
0 0.5501472513089005 0.4947643979057592 0.19224476439790578 0.4424083769633508
0 0.5877781413612565 0.5130890052356021 0.19224476439790578 0.4424083769633508
