0 0.22044025157232705 0.219811320754717 0.1 0.1
0 0.5031624204953273 0.5631126745549514 0.21383647798742145 0.3361006289308176
0 0.7572992700729928 0.22262773722627738 0.16195255474452566 0.2299270072992701
0 0.22044025157232705 0.219811320754717 0.1 0.1
0 0.5031624204953273 0.5631126745549514 0.21383647798742145 0.3361006289308176
0 0.7572992700729928 0.22262773722627738 0.16195255474452566 0.2299270072992701
0 0.22044025157232705 0.219811320754717 0.1 0.1
0 0.5031624204953273 0.5631126745549514 0.21383647798742145 0.3361006289308176
0 0.7572992700729928 0.22262773722627738 0.16195255474452566 0.2299270072992701
0 0.22044025157232705 0.219811320754717 0.1 0.1
0 0.5031624204953273 0.5631126745549514 0.21383647798742145 0.3361006289308176
0 0.7572992700729928 0.22262773722627738 0.16195255474452566 0.2299270072992701
0 0.22044025157232705 0.219811320754717 0.1 0.1
0 0.5031624204953273 0.5631126745549514 0.21383647798742145 0.3361006289308176
0 0.7572992700729928 0.22262773722627738 0.16195255474452566 0.2299270072992701
0 0.22044025157232705 0.219811320754717 0.1 0.1
0 0.5031624204953273 0.5631126745549514 0.21383647798742145 0.3361006289308176
0 0.7572992700729928 0.22262773722627738 0.16195255474452566 0.2299270072992701
0 0.22044025157232705 0.219811320754717 0.1 0.1
0 0.5031624204953273 0.5631126745549514 0.21383647798742145 0.3361006289308176
0 0.7572992700729928 0.22262773722627738 0.16195255474452566 0.2299270072992701
0 0.22044025157232705 0.219811320754717 0.1 0.1
0 0.5031624204953273 0.5631126745549514 0.21383647798742145 0.3361006289308176
0 0.7572992700729928 0.22262773722627738 0.16195255474452566 0.2299270072992701
0 0.22044025157232705 0.219811320754717 0.1 0.1
0 0.5031624204953273 0.5631126745549514 0.21383647798742145 0.3361006289308176
0 0.7572992700729928 0.22262773722627738 0.16195255474452566 0.2299270072992701
0 0.22044025157232705 0.219811320754717 0.1 0.1
0 0.5031624204953273 0.5631126745549514 0.21383647798742145 0.3361006289308176
0 0.7572992700729928 0.22262773722627738 0.16195255474452566 0.2299270072992701
0 0.22044025157232705 0.219811320754717 0.1 0.1
0 0.5031624204953273 0.5631126745549514 0.21383647798742145 0.3361006289308176
0 0.7572992700729928 0.22262773722627738 0.16195255474452566 0.2299270072992701
0 0.22044025157232705 0.219811320754717 0.1 0.1
0 0.5031624204953273 0.5631126745549514 0.21383647798742145 0.3361006289308176
0 0.7572992700729928 0.22262773722627738 0.16195255474452566 0.2299270072992701
0 0.22044025157232705 0.219811320754717 0.1 0.1
0 0.5031624204953273 0.5631126745549514 0.21383647798742145 0.3361006289308176
0 0.7572992700729928 0.22262773722627738 0.16195255474452566 0.2299270072992701
0 0.22044025157232705 0.219811320754717 0.1 0.1
0 0.5031624204953273 0.5631126745549514 0.21383647798742145 0.3361006289308176
0 0.7572992700729928 0.22262773722627738 0.16195255474452566 0.2299270072992701
0 0.22044025157232705 0.219811320754717 0.1 0.1
0 0.5031624204953273 0.5631126745549514 0.21383647798742145 0.3361006289308176
0 0.7572992700729928 0.22262773722627738 0.16195255474452566 0.2299270072992701
0 0.22044025157232705 0.219811320754717 0.1 0.1
0 0.5031624204953273 0.5631126745549514 0.21383647798742145 0.3361006289308176
0 0.7572992700729928 0.22262773722627738 0.16195255474452566 0.2299270072992701
0 0.22044025157232705 0.219811320754717 0.1 0.1
0 0.5031624204953273 0.5631126745549514 0.21383647798742145 0.3361006289308176
0 0.7572992700729928 0.22262773722627738 0.16195255474452566 0.2299270072992701
0 0.22044025157232705 0.219811320754717 0.1 0.1
0 0.5031624204953273 0.5631126745549514 0.21383647798742145 0.3361006289308176
0 0.7572992700729928 0.22262773722627738 0.16195255474452566 0.2299270072992701
0 0.22044025157232705 0.219811320754717 0.1 0.1
0 0.5031624204953273 0.5631126745549514 0.21383647798742145 0.3361006289308176
0 0.7572992700729928 0.22262773722627738 0.16195255474452566 0.2299270072992701
0 0.22044025157232705 0.219811320754717 0.1 0.1
0 0.5031624204953273 0.5631126745549514 0.21383647798742145 0.3361006289308176
0 0.7572992700729928 0.22262773722627738 0.16195255474452566 0.2299270072992701
0 0.22044025157232705 0.219811320754717 0.1 0.1
0 0.5031624204953273 0.5631126745549514 0.21383647798742145 0.3361006289308176
0 0.7572992700729928 0.22262773722627738 0.16195255474452566 0.2299270072992701
0 0.22044025157232705 0.219811320754717 0.1 0.1
0 0.5031624204953273 0.5631126745549514 0.21383647798742145 0.3361006289308176
0 0.7572992700729928 0.22262773722627738 0.16195255474452566 0.2299270072992701
0 0.22044025157232705 0.219811320754717 0.1 0.1
0 0.5031624204953273 0.5631126745549514 0.21383647798742145 0.3361006289308176
0 0.7572992700729928 0.22262773722627738 0.16195255474452566 0.2299270072992701
0 0.22044025157232705 0.219811320754717 0.1 0.1
0 0.5031624204953273 0.5631126745549514 0.21383647798742145 0.3361006289308176
0 0.7572992700729928 0.22262773722627738 0.16195255474452566 0.2299270072992701
0 0.22044025157232705 0.219811320754717 0.1 0.1
0 0.5031624204953273 0.5631126745549514 0.21383647798742145 0.3361006289308176
0 0.7572992700729928 0.22262773722627738 0.16195255474452566 0.2299270072992701
0 0.22044025157232705 0.219811320754717 0.1 0.1
0 0.5031624204953273 0.5631126745549514 0.21383647798742145 0.3361006289308176
0 0.7572992700729928 0.22262773722627738 0.16195255474452566 0.2299270072992701
0 0.22044025157232705 0.219811320754717 0.1 0.1
0 0.5031624204953273 0.5631126745549514 0.21383647798742145 0.3361006289308176
0 0.7572992700729928 0.22262773722627738 0.16195255474452566 0.2299270072992701
0 0.22044025157232705 0.219811320754717 0.1 0.1
0 0.5031624204953273 0.5631126745549514 0.21383647798742145 0.3361006289308176
0 0.7572992700729928 0.22262773722627738 0.16195255474452566 0.2299270072992701
0 0.22044025157232705 0.219811320754717 0.1 0.1
0 0.5031624204953273 0.5631126745549514 0.21383647798742145 0.3361006289308176
0 0.7572992700729928 0.22262773722627738 0.16195255474452566 0.2299270072992701
0 0.22044025157232705 0.219811320754717 0.1 0.1
0 0.5031624204953273 0.5631126745549514 0.21383647798742145 0.3361006289308176
0 0.7572992700729928 0.22262773722627738 0.16195255474452566 0.2299270072992701
0 0.22044025157232705 0.219811320754717 0.1 0.1
0 0.5031624204953273 0.5631126745549514 0.21383647798742145 0.3361006289308176
0 0.7572992700729928 0.22262773722627738 0.16195255474452566 0.2299270072992701
0 0.22044025157232705 0.219811320754717 0.1 0.1
0 0.5031624204953273 0.5631126745549514 0.21383647798742145 0.3361006289308176
0 0.7572992700729928 0.22262773722627738 0.16195255474452566 0.2299270072992701
0 0.22044025157232705 0.219811320754717 0.1 0.1
0 0.5031624204953273 0.5631126745549514 0.21383647798742145 0.3361006289308176
0 0.7572992700729928 0.22262773722627738 0.16195255474452566 0.2299270072992701
0 0.22044025157232705 0.219811320754717 0.1 0.1
0 0.5031624204953273 0.5631126745549514 0.21383647798742145 0.3361006289308176
0 0.7572992700729928 0.22262773722627738 0.16195255474452566 0.2299270072992701
0 0.22044025157232705 0.219811320754717 0.1 0.1
0 0.5031624204953273 0.5631126745549514 0.21383647798742145 0.3361006289308176
0 0.7572992700729928 0.22262773722627738 0.16195255474452566 0.2299270072992701
0 0.22044025157232705 0.219811320754717 0.1 0.1
0 0.5031624204953273 0.5631126745549514 0.21383647798742145 0.3361006289308176
0 0.7572992700729928 0.22262773722627738 0.16195255474452566 0.2299270072992701
0 0.22044025157232705 0.219811320754717 0.1 0.1
0 0.5031624204953273 0.5631126745549514 0.21383647798742145 0.3361006289308176
0 0.7572992700729928 0.22262773722627738 0.16195255474452566 0.2299270072992701
0 0.22044025157232705 0.219811320754717 0.1 0.1
0 0.5031624204953273 0.5631126745549514 0.21383647798742145 0.3361006289308176
0 0.7572992700729928 0.22262773722627738 0.16195255474452566 0.2299270072992701
0 0.22044025157232705 0.219811320754717 0.1 0.1
0 0.5031624204953273 0.5631126745549514 0.21383647798742145 0.3361006289308176
0 0.7572992700729928 0.22262773722627738 0.16195255474452566 0.2299270072992701
