0 0.7083804143126178 0.3675141242937853 0.1 0.1
0 0.7083804143126178 0.3675141242937853 0.1 0.1
0 0.7083804143126178 0.3675141242937853 0.1 0.1
0 0.7083804143126178 0.3675141242937853 0.1 0.1
0 0.7083804143126178 0.3675141242937853 0.1 0.1
0 0.7083804143126178 0.3675141242937853 0.1 0.1
0 0.7083804143126178 0.3675141242937853 0.1 0.1
0 0.7083804143126178 0.3675141242937853 0.1 0.1
0 0.7083804143126178 0.3675141242937853 0.1 0.1
0 0.7083804143126178 0.3675141242937853 0.1 0.1
0 0.7083804143126178 0.3675141242937853 0.1 0.1
0 0.7083804143126178 0.3675141242937853 0.1 0.1
0 0.7083804143126178 0.3675141242937853 0.1 0.1
0 0.7083804143126178 0.3675141242937853 0.1 0.1
0 0.7083804143126178 0.3675141242937853 0.1 0.1
0 0.7083804143126178 0.3675141242937853 0.1 0.1
0 0.7083804143126178 0.3675141242937853 0.1 0.1
0 0.7083804143126178 0.3675141242937853 0.1 0.1
0 0.7083804143126178 0.3675141242937853 0.1 0.1
0 0.7083804143126178 0.3675141242937853 0.1 0.1
0 0.7083804143126178 0.3675141242937853 0.1 0.1
0 0.7083804143126178 0.3675141242937853 0.1 0.1
0 0.7083804143126178 0.3675141242937853 0.1 0.1
0 0.7083804143126178 0.3675141242937853 0.1 0.1
0 0.7083804143126178 0.3675141242937853 0.1 0.1
0 0.7083804143126178 0.3675141242937853 0.1 0.1
0 0.7083804143126178 0.3675141242937853 0.1 0.1
0 0.7083804143126178 0.3675141242937853 0.1 0.1
0 0.7083804143126178 0.3675141242937853 0.1 0.1
0 0.7083804143126178 0.3675141242937853 0.1 0.1
0 0.7083804143126178 0.3675141242937853 0.1 0.1
0 0.7083804143126178 0.3675141242937853 0.1 0.1
0 0.7083804143126178 0.3675141242937853 0.1 0.1
0 0.7083804143126178 0.3675141242937853 0.1 0.1
0 0.7083804143126178 0.3675141242937853 0.1 0.1
0 0.7083804143126178 0.3675141242937853 0.1 0.1
0 0.7083804143126178 0.3675141242937853 0.1 0.1
0 0.7083804143126178 0.3675141242937853 0.1 0.1
0 0.7083804143126178 0.3675141242937853 0.1 0.1
